Variance: [0.2, 0.3, 0.39, 0.91, 0.97]
Tot_sum: [936.3, 1094.35, 1252.5, 1404.5, 3517.28, 3874.0, 4667.86, 12664.95]
Header_Length: [79.93, 6183.24, 8176.57, 25548.55, 50502.1, 59558.6, 66870.45, 114323.2, 164437.34, 901472.06]
TCP: [0.5]
LLC: [0.5]
Srate: [0.23, 1.44, 9.22, 11.33, 22.41, 30.04, 81.36, 218.09, 232.33, 364.06, 398.9, 742.53, 2289.03]
Rate: [0.14, 2.25, 35.62]
Radius: [1.72, 50.4, 95.15, 2461.64]
Min: [47.0, 54.76, 58.5, 59.8, 71.4, 84.4, 1342.0, 1359.2]
Max: [56.21, 362.18, 1224.5, 2938.0]
Duration: [34.8, 59.44, 60.77, 239.9]
IAT: [0.0, 83009724.0, 83033560.0, 83199244.0, 166499168.0, 166499176.0, 166551400.0, 166602848.0, 166729208.0, 166846200.0, 166846232.0, 166846248.0, 166850792.0, 166851008.0, 167241960.0, 167246296.0, 167246344.0, 167246408.0, 167249672.0]
Weight: [135.2, 141.55, 193.08]
Number: [6.81, 7.15, 7.27, 7.33, 7.5, 9.33]
fin_count: [0.05, 0.15, 0.49]
Magnitue: [11.42, 11.48, 11.71, 15.1, 16.52, 26.36, 32.78, 47.94, 49.94]
urg_count: [0.0, 0.25, 0.55, 6.1, 17.6, 18.05, 20.65, 51.05, 163.8, 179.1, 891.1]
syn_count: [0.05, 0.1, 0.9, 1.0, 1.19, 1.3]
Tot_size: [50.01, 68.7, 88.65, 94.3, 107.36, 121.15, 153.2, 286.65, 354.9, 378.72, 417.53, 425.04, 898.52, 1599.65]
rst_count: [0.25, 4.57, 105.55, 274.95, 465.5]
HTTPS: [0.5]
AVG: [65.98, 1338.72, 2934.0]
ack_count: [0.3]
Std: [70.12, 283.93, 670.22]
Covariance: [209448.2, 661932.61]
flow_duration: [0.57, 1.56, 9.13, 12.26, 74.14, 612.57]
HTTP: [0.5]
SSH: [0.5]
DNS: [0.5]
