Std: [0.38, 9.8]
IAT: [0.0, 0.01, 0.02, 41462536.02, 41462904.01, 78690612.0, 83022948.0, 83033340.0, 83165664.0, 83219648.01, 83469472.0, 133481500.0, 166473832.0, 166499176.0, 166551376.0, 166551400.0, 166602848.0, 166605808.0, 166729120.0, 166729152.0, 166729192.0, 166729200.0, 166846232.0, 166849664.0, 166850728.0, 166850840.0, 167246344.0]
rst_count: [0.5, 1.32, 4.3, 5.44, 39.4, 89.1, 115.55, 178.75, 240.9, 284.45, 287.0, 732.1, 1266.6, 6170.85]
Magnitue: [10.39, 10.63, 10.68, 11.04, 11.12, 11.14, 53.6]
Tot_size: [56.38, 66.45, 85.75, 98.2, 292.18, 350.8, 478.82, 902.01, 2347.6]
Number: [6.0, 7.01, 7.5, 9.28, 9.5, 9.56, 11.5, 12.75]
AVG: [53.88, 55.42, 56.22, 59.13, 60.58, 66.04, 98.91, 203.92, 380.76, 1382.54]
Radius: [5.41, 5.87, 8.31, 48.07, 56.66, 69.8, 81.55, 278.51, 753.63]
Tot_sum: [303.1, 354.75, 435.1, 442.75, 557.26, 700.96, 1398.8, 1616.65, 3884.2, 37934.4]
syn_count: [0.05, 0.1, 0.15, 0.25, 0.29, 0.45, 0.65, 0.7, 1.55, 1.7, 1.75]
flow_duration: [0.15, 0.2, 0.39, 0.59, 3.07, 3.52, 17.93, 20.54, 38.82, 72.36, 516.47]
Weight: [77.83, 79.94, 83.68, 90.03, 126.97, 140.4, 193.08]
Duration: [54.0, 57.0, 61.5, 62.75, 84.4, 100.6, 116.55, 160.4, 246.5]
TCP: [0.5]
Srate: [1.34, 6.95, 22.49, 29.92, 34.16, 73.62, 107.41, 695.91]
Covariance: [1.12, 90.4, 97.33, 4959.5, 6269.43, 18379.3, 19281.41, 81486.11, 86125.98, 915674.0, 1051078.34, 2317899.75]
UDP: [0.5]
Min: [52.0, 60.5, 67.7, 67.95, 290.12, 786.0, 1504.0]
psh_flag_number: [0.5]
Max: [54.2, 64.31, 74.7, 80.8, 90.5, 140.5, 364.0, 466.88, 873.25, 3076.5, 3093.8]
rst_flag_number: [0.5]
SSH: [0.5]
Header_Length: [7715.2, 23286.3, 27577.7, 82721.44, 150021.5, 156572.95, 180764.0, 220049.1, 221395.0, 427410.41, 1000736.09]
HTTP: [0.5]
HTTPS: [0.5]
Rate: [3.37, 7.23, 25.51, 28.62, 74.44, 106.78, 114.73, 292.85, 372.16, 1169.08]
urg_count: [12.1, 14.65, 36.65, 64.35, 86.1, 188.85, 340.9]
fin_count: [0.0, 0.05, 0.08, 0.32, 0.35, 0.47]
ack_count: [0.02, 0.13]
Variance: [0.39, 0.64, 0.83, 0.95, 0.97]
ack_flag_number: [0.5]
syn_flag_number: [0.5]
Protocol_Type: [10.7, 12.65, 25.4]
ICMP: [0.5]
